VOC2010_1093.jpg 164,152,194,176,0 202,146,214,166,0
VOC2010_1382.jpg 230,97,251,128,0 317,186,362,226,0 287,179,317,200,0 335,300,353,337,0 476,106,498,131,0 126,283,177,327,0 142,178,167,203,0
VOC2007_328.jpg 225,242,274,280,0
VOC2007_109.jpg 93,157,194,261,0 256,125,307,170,0
VOC2007_425.jpg 170,261,189,289,0 262,216,288,242,0 291,211,317,238,0
VOC2010_1094.jpg 281,50,306,75,0 196,63,229,91,0
VOC2007_184.jpg 236,108,261,131,0
VOC2010_1386.jpg 61,136,148,204,0 402,110,501,203,0
VOC2010_265.jpg 78,60,174,154,0
VOC2010_242.jpg 308,213,336,247,0 228,225,246,241,0
VOC2010_1212.jpg 104,200,133,237,0 132,117,160,137,0 371,130,395,153,0
VOC2010_1319.jpg 163,27,205,58,0 237,297,324,351,0
VOC2007_769.jpg 182,286,286,408,0
VOC2010_437.jpg 209,329,247,363,0
VOC2007_272.jpg 86,119,102,135,0 120,111,140,137,0
VOC2007_163.jpg 197,99,231,117,0
VOC2007_74.jpg 273,164,300,186,0
VOC2010_880.jpg 104,452,117,475,0
VOC2010_301.jpg 152,127,201,177,0 178,144,225,190,0
VOC2010_1147.jpg 118,53,247,250,0
VOC2010_1023.jpg 0,258,78,302,0 25,148,82,204,0
VOC2010_773.jpg 222,260,244,279,0 233,257,263,289,0
VOC2010_655.jpg 88,240,121,276,0 139,125,181,168,0 219,124,253,160,0
VOC2010_421.jpg 132,294,196,353,0 205,297,260,350,0
VOC2010_873.jpg 255,331,288,378,0 111,259,155,300,0 47,231,86,268,0
VOC2010_1362.jpg 196,149,271,217,0 190,291,236,344,0
VOC2010_16.jpg -5,230,33,302,0 147,271,200,325,0
VOC2010_739.jpg 201,349,343,464,0
VOC2010_1193.jpg 213,185,234,213,0 289,181,311,209,0
VOC2010_1055.jpg 172,276,247,340,0
