Mosaic_0.jpg 96,85,148,148,0 93,217,125,265,0 350,73,410,136,0
Mosaic_1.jpg 6,312,21,329,0 13,309,35,339,0 263,202,334,290,0 377,175,412,213,0
Mosaic_2.jpg 242,173,302,230,0 225,382,240,409,0 279,379,294,404,0
Mosaic_3.jpg 160,21,172,55,0 15,5,50,46,0 40,118,70,152,0 317,217,377,280,0
Mosaic_4.jpg 5,113,45,148,0 218,101,260,145,0 240,115,280,155,0 200,365,230,399,0
Mixup_0.jpg 136,177,161,205,0 168,170,178,193,0 184,288,203,309,0 193,285,218,320,0
Mixup_1.jpg 77,157,161,262,0 212,125,255,170,0 146,244,217,293,0 227,247,288,291,0
Mixup_2.jpg 163,109,192,129,0 136,177,161,205,0 168,170,178,193,0
Mixup_3.jpg 127,283,174,326,0 200,147,261,198,0 316,146,365,189,0 167,324,285,430,0
Mixup_4.jpg 86,248,110,294,0 109,145,133,170,0 308,161,328,189,0 163,165,225,240,0 158,322,196,381,0
Cutmix_0.jpg 211,118,234,143,0 143,306,189,377,0
Cutmix_1.jpg 197,371,269,438,0 177,205,194,236,0
Cutmix_2.jpg 135,33,170,72,0 197,371,269,438,0
Cutmix_3.jpg 212,125,255,170,0 163,165,224,240,0 158,322,196,376,0
Cutmix_4.jpg 98,58,205,278,0
GridMask_0.jpg 151,317,237,452,0
GridMask_1.jpg 163,165,225,240,0 158,322,196,381,0
GridMask_2.jpg 167,324,285,430,0
GridMask_3.jpg 184,288,203,309,0 193,285,218,320,0
GridMask_4.jpg 227,181,249,206,0
